-13-

33333133333333353333333 333 33333753
333 3333 33333 3333333 3333 33333 3333
3333 333 3533 33533333· 3333335 33'3' 33 33
3333 333 3333 33· 333333 ’33 33 333333 3333333
33333 3333 7 333333 33333Ι 333 333353 3335
333333 3338·- ,333333 33333 337333 3333375
33333 333333 335333 3¹33 333335 3333· 333335
mw3wmwmmffim3
&33 33353 35333 5333 3373 3533 333373 33
3333333 33 33353 333- 353 353333 335 333 333
,333353 33 33 33 3 10·· 333333 333 33333
,33333333 3333 33 33 3333 3333 3333 ’333333

3333 33333335333333 3333 33333333311 ¹

:33333 33233333 3337333 ’335 3333 1¹2:

33333 3333333333 5333333 3333 333 333 3333 5

‘333 33 333333 3333 3335 333333 3333333
353333353533-335333313 :3333 333533
333 53337533 3333 3333535 3333- 3333
3333333333 333333 '3333 353 3333333 m 333

 

