.. 33 .-
’333 66 3333333 333335 333333 333533
333. 63533 3333· 353 3533 3533333 33
33333 3333 66 333535333355333 3333 3333333
33333333 33533335 33 3333 33 3333 333
3333 33533 33333 33333 33353 3333333333
3333333 333333 5333 333533 66 77
5333 33 333333 6⁵ ;3333 333333 333333 33333
53333 3333 ‚7777 3 333 3533 3333 333333
333 3533 33333 772 333, 3 333 3333 3353
, 3333 333 3333 33, 333 3533 333-333 5333
333333 3333, 3353 333 33333 66 53333
333 3333, 3333 335 333333 3333 3335 333
33 33 5333 53333 3333 33333 353 333533
t: 353 33333333 3333 33 ,333 5333 33533
33 33335 333 3333 333 35 33333 3 366 ;333
333335333366 3333335333
333 333 53 333-3333 3333353 33333 53333
3333 3333 3333 333-5333 3333 ’333335 333333
3335 77 333 333333 33335 33 33333 7777

 

