-13
55³ 5³55 333 33 3555. 555 3333- 3333 333
,333 33 ,333333 3333 ’333- 333 3333 3,3 55
33333 555· 33 5³55 3,3, 33333· 55 3333 333· 33
5555 5555 35 333333 333· 3333 333333 33333
33333333 555 ³5, 333 3333333· 333333 3333 ’33333
3333333333 3333 3333333 =555 5³52 3 33333333
33333333 33333 3333, 333, -33, 33333· 3335
333333, 33 3333 3333333333 55 3333 3333 3 ,
3333 3333 33, 33333 ³5· 55 ³555 33333· 55
33,- 55 ³5²5· 33 5555 35· ,333 33333 5555

33333 3,3333 555 3333 3,3 333· 333 3333·- 55 33333

1--0--1--0--6

somma-55 1-.15 ''

3335· 33333333· 333 333· 33 333333, 55511
33333· 55 3333 333 5555 3333 3333333 333333,
3333 5555 3333 33333333 333333 33333 3333333333
wwffiWQWw
5mw5mwwmmmm

5555, 3333,- 3333 33333 3333, 5555'3. 333333· 55 ’

 

