- 35

53353 33533, 3353533 33333 333 3333 35333333

353 3333· 533 3 ,33535 53353· 3533 Ι333333 3533
3353333 155 35333 553353 53333 5 35 333533 3533

a—-u-n--n

. Amos, cn. 3. v. 11-15.- s 1:
353335 5355 3533· 53 3 55 53355 3333 11.=1

33333 5353333 3353 3353553 55353· 53 355533
333 33353 535333 53 333533 33333 12 33333
3533 35353 333 55 33 33333 53553· 5333 33335
33535 33333 5353333 3333 33333 535 33· ,313533

nwmwwwffiffl
333 33333 33. 3333333333 ,33335333 333· ’
33333 3333333 5333333 3353 3333 335333 3333333333
553 35333 35333 33333 5333353 3533 333353
33335333 333 :5555 33 33533333 15 35353
35353 5333 555 3553 5333, 353353 533333

353 3

” a ’ἕψω-αφ’.

 

