-19-

77 333 12 :777 33333 33333 3333 333333
33333 333333 33333 3333 ,3333 333 33333 33

33333 33 333 3333 777 3333 777 3333
3333 333333 3333333 333-3 ,33 33333 333333 1³
33333 333 777 33333 333 33333 333 3333
33333 33333 333333 33333 33333 3333 33
333 3333 3333333 33333 333 3333 14 7777

333333 77 33 77‘77 3333 1⁵ 3333 3333 „

333316 3333· Ι3333 33333 333· 333 3333
3333, 33333 33333 33333 3333 333333
3333 3333 333333 77 3 3333 1⁷· ·
333 33 333 77 3333 333 33333
777 3333 ’333 777 333 33 333333
333. 3333 333 333-33 77. 333 3333
33333 3333333 3333 33333 3 3 333 33333
3333, 2⁰ 3333333· 33 33333333 777 3333
3333 777 333333 3333· 77 333 3333 777 ·
’33 777 33333 333 777 3333 333 3333 3333

333333 33333 21 333333 33333 333333

 

